18426138
14410972
20733755
16990474
3092004
8947846
18685193
12905681
10275461
16433888
13337296
22677825
23331199
14217413
21649751
19004734
13871347
2442244
16104663
22946684
17511208
18580287
13692661
17625385
6678082
13022959
15912155
22743922
4712044
15997145
14816461
15193302
2635292
17063728
7952462
19574035
21887350
12659965
21477240
20025723
6368298
21940994
13333637
11902692
13279897
9935554
21821209
19070324
20060009
20982043
9304784
4652569
23117119
14158008
9727217
6458890
18316159
14334640
3360863
10582221
13786303
7048196
19326806
18958678
836212
21929783
4515902
6002720
13423280
16453255
11909835
12655681
19418539
19543471
22201303
9599508
23069672
11223586
18289053
21106121
11314721
14810735
17847711
20774828
22897612
20792239
1086595
22211521
22690761
6536953
22009301
20274091
8278750
14052982
8974377
20142994
11532811
16227923
12632167
605859
11489797
18640822
1077947
1484989
4958437
20877199
6381778
8491573
20962186
12858483
15215199
17982378
6304985
15338576
13375607
16364100
21478791
15996981
21608328
18009552
10495588
15674411
14166545
15750201
22774673
4042486
15855679
16681521
17854915
11134077
2598129
14625799
16453155
22873989
7723182
20207592
2965747
20434902
12968995
12806186
19273167
22202299
8331923
20102110
14565934
23182737
10377839
22691243
15686173
18914258
22368166
13782054
23324054
12972083
11861069
16629249
19966927
7263084
17207301
19783726
1378576
7510388
19159596
7453051
19832869
4201804
17945117
17656832
13671390
15359993
18079238
18360335
6462842
17967114
16963099
17498135
12761567
8372576
15959507
8161117
7341394
16944160
7519057
15404495
20425247
19330572
12480402
4847975
5401980
13098486
1773352
20808200
6222184
3963652
4650878
21858933
13601270
19155998
19786263
16339906
14532576
21159039
21308539
9793450
13217161
2627946
9929168
15122350
16085948
19619424
18174533
9696199
1686862
16507299
3212139
6152967
8227111
15083964
10064834
4778260
22859324
20857439
7438612
10221564
8336663
14832522
22666288
18688625
7288066
13371809
21593659
14384559
20507724
10436074
5212983
16642949
21428796
7080208
12867000
16971900
12042039
18266262
19767981
13262157
15733111
21885637
22820564
20803764
16094078
19483813
10392339
14739828
15853924
7424487
1500044
14694780
18269878
20961949
21992685
12263199
18887813
23036665
17558691
11625755
23292617
853926
16699218
16951471
18001087
15796063
23117520
9172281
6440913
12036355
16137027
11539720
16963256
3142544
13844243
21921934
19682542
16327482
23005851
14971681
20580604
9970517
1514951
9534273
9468737
16585516
20924653
20116710
22724751
16760104
19293950
15333682
19257541
16117012
17339104
12222291
18837747
2041842
10270578
16253206
3178434
16892659
9459557
4117448
13484859
16659720
17132284
18687204
19702997
1777126
13185332
19941069
22908579
