23269728
23007579
2695215
4849730
12742858
17191180
13430976
11706557
9859205
5992526
11927712
10965168
21250396
19132728
20185364
20554011
22135156
23105861
5333110
20566288
10002610
18108730
4522090
10105003
12869878
22606186
20869384
23302491
23355740
6303834
14131437
8327235
13041915
19874066
7864390
12161158
18002221
19534101
2760811
16408763
13750418
10006749
6082586
4415499
13680793
18063706
8868045
13856921
19882341
20001147
16875852
19624314
18706761
22208774
11243774
21668124
16085154
22925573
21684499
6254595
22892801
10678524
16228521
16715937
23363898
15388810
4051036
7921689
18116981
8089625
4526113
14762117
22577468
18882886
6881280
21926183
14098621
18850165
20029791
6938630
11841733
15421592
17506680
23413009
20099397
8876283
8499455
15687825
19198298
11874356
17105281
16785799
2936996
18149789
21078477
14671954
23093745
22700488
22131140
12378155
14176321
12365862
16257126
19976623
16232535
23445956
17523118
22278645
11448326
14626935
9695290
10080307
14090364
7098560
21774816
13406307
16814512
11272221
22639080
18764204
10928149
21905913
22893034
11665418
15933514
17060285
8102080
11288595
14880860
19218842
13692944
20673018
16171058
20185584
1114326
11890802
13672471
19788266
19755495
14114844
18416082
6733994
18203099
11972729
4595858
8466521
14635013
7647400
10326081
10797126
17617390
22450612
20160990
5513403
16101402
21176754
266486
17891810
11685959
10653780
12972083
23056806
10469475
11673679
11419729
20529208
22802522
4063549
18399259
21999692
22454357
17084416
4141369
9834911
18259997
8421774
21626948
17436677
18632712
9380241
10363265
21184604
14913985
9892284
20652048
17752099
6910297
3338502
9634215
13214207
20709386
9867681
10465704
15196624
21450879
21991542
20373517
18141227
21385223
23334944
22859801
12829067
10912239
11616760
20275327
11567585
20451433
12431855
13750659
22016027
18870345
21135384
14307713
7512367
15753645
4210974
17354839
15303048
19628106
13119904
15765917
8565234
18051171
22192161
21200951
23003179
20443200
14565799
23216155
13828521
9609705
17068159
19345498
23334937
5521706
13705646
20475975
22532136
14582110
18452636
8630533
3039657
12804420
17023115
2847138
16810121
7918067
17567872
14750063
19079340
5923274
11366717
15196535
17744030
4227539
15765859
18628751
23089398
10780988
20066474
3432872
6902260
9535759
8827175
15991122
21766368
23339211
12390669
12783989
15237460
18546907
19030242
8618306
22401172
16834754
23183522
16711994
16892100
21409923
22266011
8753484
16765235
18968815
15552802
17510617
21909656
6545851
10908030
15733032
15229233
8323493
17912011
11104631
15237431
21938350
6312321
8204700
10428798
21368999
5218731
11325768
21872808
8130964
9179493
13701432
14336310
15905055
9150842
21213362
13791524
16462092
18505965
20922568
22319277
13558068
18182383
19800276
21360831
20213967
23171226
11862345
5141070
19903278
2077213
15459048
16311036
21050181
19211040
16233200
16503538
3068450
23356265
4796999
12067510
21431113
12686032
20202277
19874621
19120944
18854667
4551263
12595930
20456227
21316446
20509476
4330076
14783231
9630349
6349376
17326889
20964126
18580287
20292370
19575552
6689357
12800744
20419356
18932492
23446357
16372426
16044737
5468777
10916507
4129280
17056576
10674923
21316366
19354473
13349530
17720156
3068539
17572699
8278566
18649924
16609956
2105979
885329
17986382
15995540
8253982
15200898
6017596
9749244
23417615
4297261
8651497
21877539
23294733
11539140
6705683
14607014
21504816
21840692
16085641
9167606
18092905
18588517
12853828
19293093
16917382
13025859
3322556
10265106
17273737
15975011
14426701
3850921
12661335
15032947
8483352
12698209
17793967
18301878
17085350
11207183
7733982
21521378
18154430
15639134
18002850
21980158
8491573
22569965
18248608
20554639
2704019
13402742
10002979
19178394
15589970
7566003
16339514
19133412
13079055
5657242
10449487
13750786
9994829
12280428
14934580
4895376
17015769
17851343
20476903
12694048
17105894
8581733
10625605
23331715
21881767
9351778
22455206
16839667
7139994
18781160
19088340
8696446
22590370
23421855
8467069
20714433
15692783
5456721
7263084
17453583
13452228
7856998
13743040
19599930
13837253
19329585
5587788
20296236
6214468
19186239
18842115
15021048
22090316
12415907
12596190
22532680
23188094
11137931
16593887
8549287
11551637
12153756
19993108
13743095
19558925
5747583
14406643
11518854
19763713
10957706
20177438
9642914
14582763
15672281
14640103
18002475
20357644
22311529
5387117
18354727
14103443
19096167
1672031
20247155
2319209
12805001
20042365
19366504
18268743
13833089
12202985
20398689
18035268
12555239
18625094
15963055
23245375
21819923
8090395
14201785
17232485
23069187
14832522
22495804
22573622
14357418
14472109
15393689
18387566
23368210
4707120
8848368
12850108
17662581
14193571
3441483
15885170
11129643
8667905
7660531
21238467
22778588
21627587
19899045
5133250
16745330
11236133
21250772
23315187
4010924
9736960
22532803
20857513
23241461
5399497
13677387
16614246
20296360
9724725
2425729
6308808
8688430
6255604
18322107
19649179
22332133
13083509
11653890
20583054
6198251
11436827
3142544
3757050
23122595
15041313
14095122
15356716
13116175
9024321
17900249
18182879
7349180
18244315
7750585
2470902
15614781
21037717
14217997
13587224
23204538
19768052
16401190
9573196
12604197
23274118
10511174
22540976
12383060
11719515
22803122
12985132
22753969
7373724
11793244
18805484
9229183
15483679
23134869
5526433
5710754
12182340
14508832
16618749
5645399
9565331
12113082
15086818
14058705
19432751
10466455
17794311
17589510
21583170
7943285
10179734
20890929
6054988
6407281
19617081
17188114
22897992
21591377
10384519
16442595
19219775
20333868
9901195
14304455
18547974
9376943
16799014
23037304
7742559
22156667
8451242
680998
9671868
20526358
20559113
22631787
2745375
6214760
4469875
8664243
14259438
23430495
6898770
7730254
4654202
14677216
3421300
15078566
19031394
17573198
16008368
17233219
20153718
14001308
15934650
15352992
3511422
6644782
14759087
4424716
13939844
19912063
21087507
6673459
5993484
19903864
2618495
16614565
2012226
21206303
21251353
19174779
20391272
10192122
19244356
15041670
14972032
5157931
5432372
8402152
3052615
12178643
9635069
14615728
17552761
1959022
21157169
23000365
7783427
11773126
19215698
23111136
21304775
19174823
9106446
9839635
11543605
16856454
11514918
20678071
22771159
11052071
16544883
18560404
18466188
2143415
12067873
18978232
7722219
16434271
6165752
20813204
21538273
4789475
13972607
16274514
20891028
22001122
3151007
19727746
19039635
988348
6304985
22042089
10302502
10015782
1967265
4867317
14173212
11916403
15750201
23057814
17397187
2700514
6501551
15995962
13038601
14173194
14017542
2979062
23278977
18724347
19858889
12383317
9323618
12477522
10392684
19813853
16651273
19760602
7124117
10245223
15340566
20309451
11711565
13894699
5797208
16532984
9799059
14726633
22115419
22316126
15762941
13411779
12637649
19653695
14468553
12907986
11290033
7951719
20198442
14976454
11142537
21234784
20591644
19260418
2037046
14132733
23143503
21144685
7271774
15332826
15406558
23348307
19661844
14378466
16291268
5625192
9991589
19752045
13378952
18203742
13608323
22979602
22926354
7537959
8623574
20710501
10270151
22475789
4285724
13845902
5588277
23049279
6382848
2340167
13821365
19309646
20427871
15426946
22697014
17040490
3421531
22422567
20608073
23258134
6862110
8492535
20202563
23397394
15312274
15873417
21533748
16176523
23323676
22066387
7878130
2565559
8263148
20788399
21927132
20522154
4445655
18396302
2332090
16090476
15713651
19371194
3626390
20309140
16856226
18588856
20501660
13313389
9053485
13526377
21525743
18855094
11625755
22299897
7128541
13620604
18855084
10929425
15852873
18326701
19985548
23278814
10855707
21218557
6919594
21591178
3765757
18142417
22213780
19539171
23004309
19432675
9213278
20620520
15025457
20899045
7706025
13378832
18896065
15967511
20493532
12928290
6481288
10966347
9594236
11371869
20350150
890366
6251947
17478910
2127318
8832380
20972730
16258810
9217679
9832082
17446671
21501775
22161243
14526167
20997963
11728573
9676423
10458762
2295355
14726906
19556145
4666968
15972050
7243339
15541963
10712708
14755531
19805957
10802825
14788305
18781998
12764919
16426703
19900185
22710118
21477240
21866253
5006861
21112579
21505807
8812239
19081066
12027643
4331023
11020005
6264335
19924832
22423302
8345133
23045899
3864175
16844633
13948559
15972015
19117951
9799370
6190654
5121583
16414365
9697019
5789233
23426830
21165871
10655437
23320338
18212705
19711832
16926583
22992681
13113010
17319794
20748102
22411048
19924815
21645259
11433516
12211768
21813199
15906422
10987042
19220384
10372632
18548636
21706691
3282622
15771261
7943912
5125853
21743576
9840130
21895128
21727187
15890027
7620335
15152761
21612503
21411801
20051856
18323380
19195777
6850255
23336905
13166182
7415489
22243298
2414230
23443415
21837822
5621473
7251675
22657007
21379057
4687615
17504179
19064728
7194326
15619669
5388012
20547582
18151388
5060252
15881763
20252644
23029646
6399666
20506603
19826682
9418330
15558202
16135726
3573487
22415244
20580327
12133977
12613155
17106913
17164269
19724230
15758877
20608971
6583958
12150347
22755240
17909735
8861311
22124457
4921009
18429923
9934444
7931527
14947866
3106512
11396690
1816347
7968635
7976827
1632027
22775390
23262823
13707223
4785998
10905518
12638156
8681353
20862515
6969189
16295927
17688093
6588277
9836420
16832018
6174541
23320176
15157233
5531459
8386408
14243790
21218907
19097146
2950967
19785270
23103099
16189418
17110565
23086658
5298035
21255783
17430061
19514881
16074718
9562045
8497068
12765170
411447
17761852
17667643
11622281
16197579
15255467
9734096
9607124
21960201
18183769
8738760
12777356
16782926
18826832
8283950
13555613
15955872
22894094
21382672
23045640
17008219
6530873
4835092
21927440
18830974
20538970
3618653
2111307
15619973
17806947
18794098
21325355
10880981
17798780
20121159
19117654
13506488
10377186
22812381
22984415
17639055
20752062
21444291
6059989
23291626
21653184
21124809
19838626
4212687
15755135
13977413
19048114
18318981
16729964
13768518
21239517
20031148
16099178
21325530
12908390
7727057
16492383
8632102
13453160
17036965
7337924
18544305
19490437
22710005
6440913
9242430
12035844
13342584
21067506
19093142
9533225
8890174
23054054
6047718
17548977
20592260
13092615
14448412
11495276
10053471
10192715
17876672
21161619
5896075
12605202
21796511
9537351
14804793
12646171
17897162
19756786
18880196
15202062
15947551
7915414
20813517
16119564
22357674
11081897
18950435
14612698
20441395
9992349
21854538
2824225
20818226
21195088
12109998
13560021
18442503
20035887
11794604
1038383
12667105
9144490
20637976
8771745
6273146
20273427
22407538
15960283
15263937
13068523
16541904
18966797
11884696
9922726
14162154
4659316
21907834
6764636
18061608
22833504
21412219
15689937
15030438
16623801
9562327
10062046
20531569
18385236
22391065
12376301
13432989
21149968
18934132
7305273
20679021
21645597
19482997
22124813
21702934
8620261
20924758
20150616
8526063
21174574
7673883
8952038
3475546
9349373
22239526
8698098
2238549
9668836
7424009
19351973
14833761
17656206
15976567
9795609
22878671
19773883
8550421
8218853
10909756
13109330
17287581
18082189
7964902
19356039
21653995
10151992
1079475
21572074
5372148
21064164
19900808
5650681
20179331
18790827
18143651
22010360
9353271
23230939
5920998
16140360
14608481
23337435
15894582
15685673
1251544
13834264
20441594
15759422
16582707
10459216
20171235
15001655
1153221
22284672
1611983
10090574
17848782
16623650
12834851
7616661
9513074
2746561
15640583
15095819
7555201
17885666
12978224
17824247
9619563
20847047
22129064
17148409
17267194
20793795
4167872
9734550
11962804
9873810
10779042
22489168
20367422
7723390
12679628
11303357
18688009
6121797
17078308
16366040
3717402
22165621
18118716
10729866
18159676
10295734
10320310
17143854
8489389
23042163
7702872
19716097
20269083
8386892
17979438
20621435
2627946
20445298
7362871
18004058
13502855
16873544
7199014
12036603
1403224
9275840
18888814
19355753
21665818
9853378
19855483
4778260
21338137
13670797
16951389
14612926
8874470
19286080
14383539
17725543
20547667
7633177
17442916
21821474
10488272
18180199
17631358
6146346
7338264
18008165
4585788
18430053
22882338
1235346
14260568
13654354
14244186
14461279
20519100
4864460
23374060
13281603
23017685
20236479
22223071
14068059
12089654
2320812
22280412
12155177
22927565
6212047
22624459
1808776
16566632
10836284
8092128
17291420
21481691
2451896
6552062
13515119
22280434
17873074
22763769
23201984
18053307
10950926
17774758
5335548
15456601
20400261
12904818
11303188
6040039
20940931
21989619
1268140
18401447
15571244
13936919
23271590
5314966
11970929
15632678
18675920
16799952
18790600
12130659
19495155
21325983
18307275
15771949
17397993
21043361
13838641
18237684
19470538
23361671
555503
18987206
14223665
11843929
14096698
3471835
14752017
7682439
10545491
16869622
5523882
13273396
22498134
10037918
11053728
19770144
7846501
16292587
20310816
12446379
15792870
12868307
16935706
11737770
14211778
13871822
18729728
12237477
12348067
14863101
15317750
5806712
20413207
5634679
18828091
22227831
10906240
17967924
21707618
6269557
18897674
7547486
7551582
23223116
9145019
15117012
20126465
19397395
12905202
16468685
20855558
22293356
4541054
21515126
22395755
8047173
22399765
1116752
7813683
8706752
8936141
13851284
20134772
2751073
21154571
6027799
13740701
21940994
14555787
12131055
20339553
19635057
17943370
20790109
18078582
1063543
9976575
19893063
12913324
14494388
20171609
14670516
22440765
21801760
17591138
7072287
23358226
21343026
13773483
13380272
18697059
11790898
22600668
22883289
9599508
13023809
3095207
23440366
11053607
22158275
6634231
22690761
9026076
14944882
19053492
6310649
18828166
21335006
7547631
7723733
21425126
13105765
19610505
19811213
22551547
20310928
15235650
2386568
20028319
10725908
12253698
6544090
16243278
16546368
20212617
8272574
12880389
18602968
7862963
14830118
3599091
1493712
17423298
13531650
19258344
21089164
21896065
13863426
19905534
21506974
23329717
23419826
10775165
11782762
21334940
15600180
19782646
13806094
13859343
16493095
13703694
11647568
17300454
4295333
13855284
18234366
20196316
11487813
22617011
20593621
4025038
6068907
21007287
22096806
15280659
8329859
21789616
21576628
8923767
11111339
1821464
14347230
15350766
15588329
20064822
2026260
19188270
21572165
17676803
22592087
2149168
19110451
5565253
15535100
23140976
9079709
7134068
5176174
8321887
19036672
20707864
21883502
5081956
20216345
12979176
19724828
21764728
1755949
14265326
15403987
8047427
6683487
19417621
7363407
15977420
22805092
3214196
11979763
13990802
10009557
10664940
13212568
13573022
8625104
15449022
11172861
16120749
3029879
5229334
13446063
23411206
4471584
18848378
10447865
12913581
21445166
22612531
7043840
17865341
18823792
7801607
12897205
13659042
13392824
15903621
228218
9575403
17009272
7302126
8145918
12958529
23362272
21666508
18291359
10562347
11078437
18389652
9952026
12225335
17504922
20433574
20613805
17717910
20794016
22162127
11651857
23378629
18016950
8289240
18389694
8760109
15506244
8567593
10197808
20974316
18758317
5766123
16313156
10128167
19372698
12999545
19442327
1485781
15125285
21523086
6491044
19245805
21179019
21822086
20601590
22420121
13114139
2710524
9309013
23239357
11828053
20630232
21912237
16276254
10271604
23202442
22182587
1395707
9472867
15846151
22354604
7539592
14367527
17718003
6843286
20089549
14429406
22895967
22179158
10534053
19873059
23031121
23178607
14896371
23039311
12750032
10505401
15224049
20323631
15498486
2628660
16272612
23014721
22347124
4377699
16985377
23420231
19848461
2440193
16162002
19451150
20921623
19516672
15826140
13303012
15981761
1498144
16743623
18656549
6102118
15650005
20483335
19873134
20397430
13040780
20618608
19930491
7138336
8354865
3009655
7724078
20249967
11627759
15588531
14756993
9219309
19914061
12987557
19160391
16735386
19877192
16313493
19619165
22146343
7801856
19152221
3550284
23354648
21912883
12168391
13155403
15318122
20819390
8428548
18513311
20024756
23440866
20725172
18853269
22752726
9317376
22883794
15264895
13003871
4447455
13876303
19438991
16813485
16518226
9079864
18271652
21700088
9780259
11172892
22433262
16251981
8305858
14359652
19508713
8084665
11689082
16075837
19078639
19897827
10173526
16747570
2301165
17341895
17587651
23043472
23432629
19557880
1395910
10550389
9960513
12328042
22703501
13106207
19279358
20770276
22261130
7969955
19111416
13351959
21573035
10771520
17227234
16920039
13437994
9223268
11086913
5389497
23125387
8264850
5225634
18656753
22101439
8379536
14789646
2964700
9051256
12667954
20069830
9636969
7613577
18701792
14319064
22568027
20663359
13598152
20483135
8367479
5254489
10382743
18492432
13495745
23190636
16125415
16371168
5508426
8793511
7777618
18107440
19725320
11263373
13499883
10010047
10980750
15003085
6008177
9457083
5401980
2559255
19725342
1096995
4361588
23301204
16539077
18435109
8924599
13716974
14425571
10849765
13217161
23333925
10673632
16440766
22174747
7728447
21982209
19065970
13729155
15572408
15023549
23211066
21871639
22428682
21244953
5913914
1506677
19401794
17501287
20556884
12795309
20520023
23297042
17853541
21212214
9305589
8715773
16948347
21412923
22129711
5537239
20798654
12475707
22510802
3812791
12295466
23411959
11545891
3034554
4324820
9329945
13655368
2076037
15351159
14912835
16391512
15502663
21413101
14437745
23096531
12487946
14060899
22957280
20868351
11148648
12103034
13516044
18427098
18771162
21347457
22604956
8109502
13094146
8764739
15445293
17915095
18300112
18910439
13114625
18451664
21773446
7024039
9112900
11660670
11816292
22297732
20671722
10222920
10714485
11038079
9076050
20548833
1347021
8277415
22760583
18488519
20274411
18595012
20606181
17882354
19176647
21191840
18054389
20421841
10374515
12905771
17001708
8109450
18836718
20954317
6946205
15105299
20372673
11889997
14515488
8285822
8257148
15240937
20279094
20082487
15208174
22818650
20492080
23437165
12779211
14679766
14782184
5754461
5107270
21950277
6790783
13106906
17338135
20422421
14495480
8126034
22638454
16776910
22740840
22880105
4066825
21958519
8248899
16834369
14573208
10403542
20377471
21491470
14495383
20340605
13258375
21057292
8187442
18034499
20942702
17448792
7159358
13778561
19492721
11448052
13405868
18780023
16838508
19205961
7962121
9133819
10714835
11329246
19935042
12222153
7200281
22822696
12385995
9780972
21929783
11243217
21045051
10464995
17473398
9379342
1150615
9989649
4775618
11931196
18575249
18579345
20160441
19128241
7347939
8281835
13438554
9661963
19902390
12713563
14569027
21778385
11206197
13114985
16383578
21815279
15658569
13065839
18640822
16957353
17022892
18558900
12168717
4374260
13467253
6794974
15154781
14675556
9260620
14265887
12156542
23269284
4042486
12926478
16932814
8375986
18022364
23043982
20176870
21598110
23306164
1023701
10616445
14659072
14716416
20471770
21499820
13114913
17170412
17428450
10862153
19017677
2313938
22986668
4837050
6061743
18882516
16592390
22515628
15523346
23064481
8597382
23285355
12156850
17403396
22834769
5132097
7188350
14381000
6918013
23432817
19922487
2256699
12947423
16825882
16773088
16752606
19357190
8990637
20045333
21392994
22982267
19254796
13856761
3391256
12038044
15896542
15851484
1552166
23440982
4677502
14352352
17276477
15097818
14639074
22699547
22744602
6205210
14180254
14897066
19754599
5713692
11603964
12976023
16314282
20381284
5512960
3047291
9019356
20692590
22961675
19005046
9228244
5693199
16711591
17247838
19492467
8175392
15175608
22859324
13766579
16187283
18521724
9256933
16748438
22486590
8863725
7581470
962400
12246986
15888258
20041281
17280629
9756640
19836506
11902912
21179958
11313114
14503847
12095428
17866348
22638117
12873657
10579934
12181446
14823266
10805029
14839651
22523603
23211751
20848312
5717981
16314228
1552263
17862273
21061332
6332406
18931385
7110646
23428863
19459763
9068310
23015106
7163891
16371559
6356991
11927316
16301915
11046669
21868264
6606799
14864201
8920868
18267834
8232912
17501887
20770441
13999981
15834955
20786822
3244017
13979413
19361509
13274892
21790347
8777547
14081816
17903326
18820815
17129168
7344039
18616011
16101165
4886416
21622419
11702121
11046772
19369723
6012805
16285479
20967136
10030969
20578009
16686879
21188263
21261996
16764692
6168498
22654644
17395449
20115139
10813271
19459804
20442818
3157958
22896299
14667560
18145005
20180680
745463
